%Ankit samir bandyopadhyay - 17BEE005

A1 = [9 12 5]
A2 = [2; 8; 3]
%%
% 

% 
% 
A = A1*A2

B1 = [9 7; 3 6; 7 1]
B2 = [2 4 6; 8 10 12]
B  = B1*B2

C1 = [4; 9; 7]
C2 = [2 1 8]
C  = C1*C2
 
D1 = [1 4 9; 8 6 4]
D2 = [3 0; 9 3; 4 7]
D  = D1*D2

E1 = [4 9 8]'
E2 = [2 7 1]
E  = E1*E2

F1 = [4 7; 8 9]
F2 = [5 3; 0 1]
F3 = [10 2 7; 6 3 5]
F = (F1 + F2)'*F3

G1 = [4 3; 2 1]
G2 = [8 7; 9 6]
G  = G1*G2


  
