function [C,Ceq] = nlpnonlinear(x)
C(1) = 100*x(1)-x(1)*x(6)+833.33252*x(4)-8333.333;
C(2) = x(2)*x(4)-x(2)*x(7)-1250*x(4)+1250*x(5);
C(2) = x(3)*x(5)-x(3)*x(8)-2500*x(5)+1250000;
Ceq=[]; 